150 209 -59 -59 320 239 -48 81 150 83 60 67 0.0 0.2961350000273873 17 -0.2961350000273873
150 210 -30 -60 320 238 -8 82 150 84 25 66 0.0 0.30420081859763703 9 -0.30420081859763703
150 208 -28 -58 320 237 -8 83 150 90 21 60 0.0 0.2747235851870275 7 -0.2747235851870275
150 211 -32 -61 320 236 -8 84 150 92 22 58 0.0 0.2768628567845534 8 -0.2768628567845534
150 212 -31 -62 320 235 -9 85 150 96 19 54 0.0 0.29239541053032825 9 -0.29239541053032825
150 212 -31 -62 320 230 -11 90 150 112 7 38 0.0 0.3030651875568688 9 -0.3030651875568688
150 208 -27 -58 320 228 -10 92 150 127 1 23 0.0 0.2994398681256755 8 -0.2994398681256755
150 206 -27 -56 320 227 -9 93 150 140 -2 10 0.0 0.2923429827262832 8 -0.2923429827262832
150 202 -24 -52 320 226 -9 94 150 145 0 5 0.0 0.27630635812019505 7 -0.27630635812019505
150 198 -22 -48 320 228 -8 92 150 154 0 -4 0.0 0.3030434783912552 9 -0.3030434783912552
150 194 -20 -44 320 233 -6 87 150 161 -7 -11 0.0 0.31357794380449283 9 -0.31357794380449283
150 189 -17 -39 320 237 -6 83 150 165 -8 -15 0.0 0.3003336679179045 8 -0.3003336679179045
150 183 -13 -33 320 242 -5 78 150 165 -6 -15 0.0 0.30851486041613135 9 -0.30851486041613135
150 180 -13 -30 320 244 -6 76 150 165 -6 -15 0.0 0.28067911304375215 7 -0.28067911304375215
150 176 -11 -26 320 252 -2 68 150 164 -5 -14 0.0 0.2844437113892986 8 -0.2844437113892986
150 172 -9 -22 320 256 -4 64 150 162 -3 -12 0.0 0.27358705172341363 7 -0.27358705172341363
150 168 -7 -18 320 263 -2 57 150 161 -3 -11 0.0 0.30314269991414444 9 -0.30314269991414444
150 163 -4 -13 320 270 -1 50 150 159 -2 -9 0.0 0.30870906312020396 9 -0.30870906312020396
150 158 -1 -8 320 275 -2 45 150 158 -2 -8 0.0 0.27956418876580597 7 -0.27956418876580597
150 155 0 -5 320 280 -1 40 150 158 -3 -8 0.0 0.25467545579006734 6 -0.25467545579006734
150 153 0 -3 320 284 -1 36 150 158 -3 -8 0.0 0.2715396628254583 8 -0.2715396628254583
150 149 0 1 320 286 -2 34 150 158 -3 -8 0.0 0.2699484689393296 8 -0.2699484689393296
150 148 0 2 320 289 -1 31 150 159 -4 -9 0.0 0.29813941546631983 9 -0.29813941546631983
150 146 0 4 320 292 -1 28 150 158 -2 -8 0.0 0.28897155684060355 8 -0.28897155684060355
150 141 7 9 320 295 -1 25 150 157 -2 -7 0.0 0.2840724271611633 8 -0.2840724271611633
150 141 4 9 320 297 -1 23 150 157 -2 -7 0.0 0.2945674819599849 9 -0.2945674819599849
150 138 7 12 320 299 -1 21 150 157 -2 -7 0.0 0.2779306999999994 7 -0.2779306999999994
150 136 8 14 320 302 0 18 150 156 -1 -6 0.0 0.27941717973925495 8 -0.27941717973925495
150 135 8 15 320 302 -1 18 150 155 0 -5 0.0 0.2747718518017669 8 -0.2747718518017669
150 134 8 16 320 303 -1 17 150 153 0 -3 0.0 0.2756846971713324 8 -0.2756846971713324
150 134 8 16 320 305 0 15 150 152 0 -2 0.0 0.2575256279066191 7 -0.2575256279066191
150 135 7 15 320 305 -1 15 150 149 0 1 0.0 0.2663497727220436 8 -0.2663497727220436
150 132 10 18 320 308 0 12 150 147 0 3 0.0 0.27754706208037183 8 -0.27754706208037183
150 132 9 18 320 309 0 11 150 139 8 11 0.0 0.2623536821908587 7 -0.2623536821908587
150 129 12 21 320 310 0 10 150 135 8 15 0.0 0.2754582175470049 8 -0.2754582175470049
150 127 12 23 320 312 0 8 150 131 9 19 0.0 0.31290340375588244 10 -0.31290340375588244
150 126 12 24 320 312 0 8 150 131 7 19 0.0 0.3073280776790761 9 -0.3073280776790761
150 124 14 26 320 313 0 7 150 129 9 21 0.0 0.30506441258099304 9 -0.30506441258099304
150 123 14 27 320 315 0 5 150 124 12 26 0.0 0.2834686054174485 7 -0.2834686054174485
150 122 14 28 320 317 0 3 150 120 14 30 0.0 0.30288854710610885 9 -0.30288854710610885
150 121 15 29 320 317 0 3 150 117 14 33 0.0 0.34183705538011266 11 -0.34183705538011266
150 119 16 31 320 318 0 2 150 116 14 34 0.0 0.348996500556228 10 -0.348996500556228
150 117 17 33 320 317 0 3 150 115 14 35 0.0 0.2974266499708175 7 -0.2974266499708175
150 115 18 35 320 318 0 2 150 114 14 36 0.0 0.2828185596843323 8 -0.2828185596843323
150 115 17 35 320 318 0 2 150 113 15 37 0.0 0.2602110790040506 7 -0.2602110790040506
150 114 18 36 320 318 0 2 150 113 14 37 0.0 0.28343720416398027 9 -0.28343720416398027
150 114 18 36 320 317 0 3 150 113 14 37 0.0 0.2804510175504752 8 -0.2804510175504752
150 113 19 37 320 317 0 3 150 112 15 38 0.0 0.27665808389241264 8 -0.27665808389241264
150 112 19 38 320 317 0 3 150 112 15 38 0.0 0.2825038213040712 8 -0.2825038213040712
150 112 19 38 320 316 0 4 150 112 15 38 0.0 0.288727176405253 8 -0.288727176405253
150 112 19 38 320 313 0 7 150 110 17 40 0.0 0.26008641200571764 6 -0.26008641200571764
150 112 19 38 320 312 -1 8 150 110 16 40 0.0 0.2798907505120025 8 -0.2798907505120025
150 114 17 36 320 309 -2 11 150 108 17 42 0.0 0.2952220285417799 9 -0.2952220285417799
150 115 17 35 320 305 -3 15 150 106 18 44 0.0 0.2648078761761053 7 -0.2648078761761053
150 115 17 35 320 304 -2 16 150 105 18 45 0.0 0.26897395234338484 8 -0.26897395234338484
150 116 16 34 320 300 -4 20 150 103 19 47 0.0 0.25183309393982795 7 -0.25183309393982795
150 118 15 32 320 296 -4 24 150 101 20 49 0.0 0.24268942478928185 7 -0.24268942478928185
150 119 15 31 320 295 -3 25 150 100 20 50 0.0 0.2530866430993402 7 -0.2530866430993402
150 120 14 30 320 294 -3 26 150 100 20 50 0.0 0.2405870770753222 6 -0.2405870770753222
150 122 13 28 320 288 -6 32 150 101 19 49 0.0 0.2346244096090031 6 -0.2346244096090031
150 124 12 26 320 286 -4 34 150 101 19 49 0.0 0.2346395070129588 7 -0.2346395070129588
150 125 12 25 320 281 -6 39 150 100 20 50 0.0 0.28126425319625425 9 -0.28126425319625425
150 127 10 23 320 276 -6 44 150 102 18 48 0.0 0.29706605795884766 9 -0.29706605795884766
150 127 11 23 320 276 -4 44 150 102 19 48 0.0 0.31600248056481095 10 -0.31600248056481095
150 132 6 18 320 269 -8 51 150 107 14 43 0.0 0.2732397890130271 6 -0.2732397890130271
150 134 7 16 320 264 -8 56 150 110 14 40 0.0 0.2876829862472927 9 -0.2876829862472927
150 137 5 13 320 259 -8 61 150 113 13 37 0.0 0.2851687151723335 8 -0.2851687151723335
150 140 3 10 320 252 -10 68 150 117 11 33 0.0 0.28577350441613836 8 -0.28577350441613836
150 140 5 10 320 248 -9 72 150 119 11 31 0.0 0.29479776032372856 9 -0.29479776032372856
150 143 0 7 320 242 -10 78 150 121 10 29 0.0 0.3002571382385719 9 -0.3002571382385719
150 145 0 5 320 239 -9 81 150 123 9 27 0.0 0.30190633380793097 9 -0.30190633380793097
150 150 0 0 320 234 -11 86 150 127 7 23 0.0 0.30370387319543685 9 -0.30370387319543685
150 151 0 -1 320 231 -10 89 150 128 8 22 0.0 0.30886790927524876 9 -0.30886790927524876
150 152 0 -2 320 228 -10 92 150 129 7 21 0.0 0.3008731925004431 8 -0.3008731925004431
150 156 0 -6 320 225 -11 95 150 125 12 25 0.0 0.2967666126002445 8 -0.2967666126002445
150 158 -5 -8 320 225 -9 95 150 122 12 28 0.0 0.323762186083305 10 -0.323762186083305
150 158 -4 -8 320 225 -9 95 150 117 15 33 0.0 0.2967573131698987 8 -0.2967573131698987
150 159 -5 -9 320 226 -8 94 150 106 23 44 0.0 0.29787266198920614 8 -0.29787266198920614
150 163 -8 -13 320 225 -10 95 150 99 23 51 0.0 0.33685965668347 11 -0.33685965668347
150 161 -4 -11 320 223 -10 97 150 88 30 62 0.0 0.2750415484841138 6 -0.2750415484841138
150 160 -4 -10 320 220 -11 100 150 86 26 64 0.0 0.30240864696287306 9 -0.30240864696287306
150 161 -6 -11 320 219 -10 101 150 85 26 65 0.0 0.2802197285331809 7 -0.2802197285331809
150 161 -5 -11 320 216 -11 104 150 86 25 64 0.0 0.3101355597753317 10 -0.3101355597753317
150 164 -8 -14 320 212 -12 108 150 93 19 57 0.0 0.26001275331917406 6 -0.26001275331917406
150 164 -7 -14 320 208 -13 112 150 100 16 50 0.0 0.26389357905195443 8 -0.26389357905195443
150 168 -11 -18 320 205 -13 115 150 108 12 42 0.0 0.31089746214551994 10 -0.31089746214551994
150 169 -10 -19 320 204 -12 116 150 114 11 36 0.0 0.31912228682568705 9 -0.31912228682568705
150 169 -9 -19 320 202 -12 118 150 120 9 30 0.0 0.29639570650624614 8 -0.29639570650624614
150 168 -8 -18 320 201 -12 119 150 124 8 26 0.0 0.318922724109202 10 -0.318922724109202
150 169 -10 -19 320 201 -11 119 150 130 5 20 0.0 0.30592965694353114 8 -0.30592965694353114
150 174 -14 -24 320 201 -11 119 150 135 3 15 0.0 0.31314147343885895 9 -0.31314147343885895
150 174 -12 -24 320 200 -12 120 150 138 3 12 0.0 0.29757648199160813 8 -0.29757648199160813
150 173 -11 -23 320 200 -12 120 150 140 3 10 0.0 0.2796269181820856 7 -0.2796269181820856
150 176 -14 -26 320 199 -12 121 150 152 0 -2 0.0 0.2970194772160262 9 -0.2970194772160262
150 176 -13 -26 320 200 -11 120 150 159 -7 -9 0.0 0.2650183530101544 6 -0.2650183530101544
150 178 -15 -28 320 201 -11 119 150 161 -5 -11 0.0 0.26563470954339413 7 -0.26563470954339413
150 179 -15 -29 320 202 -11 118 150 163 -6 -13 0.0 0.27217473204206244 8 -0.27217473204206244
150 184 -19 -34 320 205 -10 115 150 167 -8 -17 0.0 0.29255169836210965 9 -0.29255169836210965
150 185 -18 -35 320 205 -11 115 150 173 -12 -23 0.0 0.2867084685780824 8 -0.2867084685780824
150 188 -20 -38 320 208 -9 112 150 180 -15 -30 0.0 0.31781700106167476 10 -0.31781700106167476
150 188 -19 -38 320 213 -8 107 150 187 -18 -37 0.0 0.2840739318805877 7 -0.2840739318805877
150 190 -21 -40 320 217 -8 103 150 195 -22 -45 0.0 0.3276735184729411 11 -0.3276735184729411
150 188 -18 -38 320 223 -6 97 150 198 -20 -48 0.0 0.31869095143672305 9 -0.31869095143672305
150 188 -19 -38 320 225 -8 95 150 201 -21 -51 0.0 0.2988680948953328 8 -0.2988680948953328
150 188 -19 -38 320 226 -8 94 150 202 -21 -52 0.0 0.30879231009275826 9 -0.30879231009275826
150 187 -18 -37 320 226 -9 94 150 201 -19 -51 0.0 0.3107288844483226 9 -0.3107288844483226
150 188 -19 -38 320 240 -1 80 150 213 -31 -63 0.0 0.276816577831834 7 -0.276816577831834
150 187 -18 -37 320 240 -8 80 150 213 -25 -63 0.0 0.26429440301413976 7 -0.26429440301413976
150 182 -13 -32 320 242 -6 78 150 217 -28 -67 0.0 0.2966549213478594 9 -0.2966549213478594
150 182 -16 -32 320 242 -7 78 150 216 -25 -66 0.0 0.2866730172399775 8 -0.2866730172399775
150 181 -15 -31 320 242 -7 78 150 216 -26 -66 0.0 0.2764105749600197 7 -0.2764105749600197
150 180 -14 -30 320 243 -7 77 150 216 -26 -66 0.0 0.28534257563681414 8 -0.28534257563681414
150 179 -14 -29 320 250 -3 70 150 217 -27 -67 0.0 0.18486319161526063 0 -0.18486319161526063
150 176 -11 -26 320 250 -7 70 150 218 -27 -68 0.0 0.19197170439032646 0 -0.19197170439032646
150 176 0 -26 320 250 0 70 150 218 0 -68 0.0 0.19197170439032646 0 -0.19197170439032646
150 176 0 -26 320 250 0 70 150 218 0 -68 0.0 0.19197170439032646 0 -0.19197170439032646
150 176 0 -26 320 250 0 70 150 218 0 -68 0.0 0.19197170439032646 0 -0.19197170439032646
150 176 0 -26 320 250 0 70 150 218 0 -68 0.0 0.19197170439032646 0 -0.19197170439032646
150 176 0 -26 320 250 0 70 150 218 0 -68 0.0 0.19197170439032646 0 -0.19197170439032646
150 176 0 -26 320 250 0 70 150 218 0 -68 0.0 0.19197170439032646 0 -0.19197170439032646
150 176 0 -26 320 250 0 70 150 218 0 -68 0.0 0.19197170439032646 0 -0.19197170439032646
150 176 0 -26 320 250 0 70 150 218 0 -68 0.0 0.19197170439032646 0 -0.19197170439032646
150 176 0 -26 320 250 0 70 150 218 0 -68 0.0 0.19197170439032646 0 -0.19197170439032646
150 176 0 -26 320 250 0 70 150 218 0 -68 0.0 0.19197170439032646 0 -0.19197170439032646
150 176 0 -26 320 250 0 70 150 218 0 -68 0.0 0.19197170439032646 0 -0.19197170439032646
150 176 0 -26 320 250 0 70 150 218 0 -68 0.0 0.19197170439032646 0 -0.19197170439032646
150 176 0 -26 320 250 0 70 150 218 0 -68 0.0 0.19197170439032646 0 -0.19197170439032646
150 176 0 -26 320 250 0 70 150 218 0 -68 0.0 0.19197170439032646 0 -0.19197170439032646
150 176 0 -26 320 250 0 70 150 218 0 -68 0.0 0.19197170439032646 0 -0.19197170439032646
150 176 0 -26 320 250 0 70 150 218 0 -68 0.0 0.19197170439032646 0 -0.19197170439032646
150 176 0 -26 320 250 0 70 150 218 0 -68 0.0 0.19197170439032646 0 -0.19197170439032646
150 176 0 -26 320 250 0 70 150 218 0 -68 0.0 0.19197170439032646 0 -0.19197170439032646
150 176 0 -26 320 250 0 70 150 218 0 -68 0.0 0.19197170439032646 0 -0.19197170439032646
150 176 0 -26 320 250 0 70 150 218 0 -68 0.0 0.19197170439032646 0 -0.19197170439032646
150 176 0 -26 320 250 0 70 150 218 0 -68 0.0 0.19197170439032646 0 -0.19197170439032646
150 176 0 -26 320 250 0 70 150 218 0 -68 0.0 0.19197170439032646 0 -0.19197170439032646
150 176 0 -26 320 250 0 70 150 218 0 -68 0.0 0.19197170439032646 0 -0.19197170439032646
150 176 0 -26 320 250 0 70 150 218 0 -68 0.0 0.19197170439032646 0 -0.19197170439032646
150 176 0 -26 320 250 0 70 150 218 0 -68 0.0 0.19197170439032646 0 -0.19197170439032646
150 176 0 -26 320 250 0 70 150 218 0 -68 0.0 0.19197170439032646 0 -0.19197170439032646
150 176 0 -26 320 250 0 70 150 218 0 -68 0.0 0.19197170439032646 0 -0.19197170439032646
150 176 0 -26 320 250 0 70 150 218 0 -68 0.0 0.19197170439032646 0 -0.19197170439032646
150 176 0 -26 320 250 0 70 150 218 0 -68 0.0 0.19197170439032646 0 -0.19197170439032646
150 176 0 -26 320 250 0 70 150 218 0 -68 0.0 0.19197170439032646 0 -0.19197170439032646
150 176 0 -26 320 250 0 70 150 218 0 -68 0.0 0.19197170439032646 0 -0.19197170439032646
150 176 0 -26 320 250 0 70 150 218 0 -68 0.0 0.19197170439032646 0 -0.19197170439032646
150 176 0 -26 320 250 0 70 150 218 0 -68 0.0 0.19197170439032646 0 -0.19197170439032646
150 176 0 -26 320 250 0 70 150 218 0 -68 0.0 0.19197170439032646 0 -0.19197170439032646
150 176 0 -26 320 250 0 70 150 218 0 -68 0.0 0.19197170439032646 0 -0.19197170439032646
150 176 0 -26 320 250 0 70 150 218 0 -68 0.0 0.19197170439032646 0 -0.19197170439032646
150 176 0 -26 320 250 0 70 150 218 0 -68 0.0 0.19197170439032646 0 -0.19197170439032646
150 176 0 -26 320 250 0 70 150 218 0 -68 0.0 0.19197170439032646 0 -0.19197170439032646
150 176 0 -26 320 250 0 70 150 218 0 -68 0.0 0.19197170439032646 0 -0.19197170439032646
150 176 0 -26 320 250 0 70 150 218 0 -68 0.0 0.19197170439032646 0 -0.19197170439032646
150 176 0 -26 320 250 0 70 150 218 0 -68 0.0 0.19197170439032646 0 -0.19197170439032646
150 176 0 -26 320 250 0 70 150 218 0 -68 0.0 0.19197170439032646 0 -0.19197170439032646
150 176 0 -26 320 250 0 70 150 218 0 -68 0.0 0.19197170439032646 0 -0.19197170439032646
150 176 0 -26 320 250 0 70 150 218 0 -68 0.0 0.19197170439032646 0 -0.19197170439032646
150 176 0 -26 320 250 0 70 150 218 0 -68 0.0 0.19197170439032646 0 -0.19197170439032646
150 176 0 -26 320 250 0 70 150 218 0 -68 0.0 0.19197170439032646 0 -0.19197170439032646
150 176 0 -26 320 250 0 70 150 218 0 -68 0.0 0.19197170439032646 0 -0.19197170439032646
150 176 0 -26 320 250 0 70 150 218 0 -68 0.0 0.19197170439032646 0 -0.19197170439032646
150 176 0 -26 320 250 0 70 150 218 0 -68 0.0 0.19197170439032646 0 -0.19197170439032646
150 147 0 3 320 348 51 -28 150 166 19 -16 0.0 0.17727787269357817 0 -0.17727787269357817
150 153 0 -3 320 348 2 -28 150 168 -8 -18 0.0 0.2357361970548846 8 -0.2357361970548846
150 158 -6 -8 320 348 2 -28 150 167 -6 -17 0.0 0.24733247046275142 7 -0.24733247046275142
150 159 -5 -9 320 350 4 -30 150 166 -5 -16 0.0 0.30522400375911407 10 -0.30522400375911407
150 159 -4 -9 320 350 3 -30 150 165 -5 -15 0.0 0.2998048425642804 8 -0.2998048425642804
150 159 -4 -9 320 347 1 -27 150 166 -6 -16 0.0 0.3313612242287814 10 -0.3313612242287814
150 127 27 23 320 361 11 -41 150 150 0 0 0.0 0.33606955870135263 10 -0.33606955870135263
150 157 0 -7 320 329 -15 -9 150 171 -18 -21 0.0 0.31612049892568367 8 -0.31612049892568367
150 155 0 -5 320 326 0 -6 150 171 -8 -21 0.0 0.33048112146485387 10 -0.33048112146485387
150 154 0 -4 320 319 0 1 150 172 -9 -22 0.0 0.3147545952512914 8 -0.3147545952512914
150 153 0 -3 320 310 -5 10 150 176 -12 -26 0.0 0.3479871838334811 11 -0.3479871838334811
150 152 0 -2 320 307 -2 13 150 180 -14 -30 0.0 0.3778351764579105 12 -0.3778351764579105
150 154 0 -4 320 300 -5 20 150 182 -13 -32 0.0 0.35939235181988666 10 -0.35939235181988666
150 152 0 -2 320 289 -8 31 150 187 -17 -37 0.0 0.38175296717707696 12 -0.38175296717707696
150 152 0 -2 320 283 -6 37 150 191 -18 -41 0.0 0.3890925840369666 11 -0.3890925840369666
150 153 0 -3 320 276 -7 44 150 194 -19 -44 0.0 0.3867105187068275 11 -0.3867105187068275
150 148 0 2 320 270 -8 50 150 198 -21 -48 0.0 0.4115522256384253 13 -0.4115522256384253
150 148 0 2 320 265 -8 55 150 201 -21 -51 0.0 0.39861797378681696 11 -0.39861797378681696
150 148 0 2 320 258 -9 62 150 202 -21 -52 0.0 0.42130793229841734 13 -0.42130793229841734
150 149 0 1 320 253 -9 67 150 202 -20 -52 0.0 0.4348967126351851 13 -0.4348967126351851
150 146 0 4 320 251 -7 69 150 202 -20 -52 0.0 0.45081078178159334 14 -0.45081078178159334
150 146 0 4 320 249 -8 71 150 199 -18 -49 0.0 0.4419614227410703 12 -0.4419614227410703
150 148 0 2 320 242 -11 78 150 196 -16 -46 0.0 0.44329661330414094 13 -0.44329661330414094
150 149 0 1 320 238 -10 82 150 192 -14 -42 0.0 0.48043263256248053 15 -0.48043263256248053
150 148 0 2 320 235 -10 85 150 188 -13 -38 0.0 0.5281392812901469 17 -0.5281392812901469
150 145 0 5 320 239 -6 81 150 182 -9 -32 0.0 0.5083609781613844 14 -0.5083609781613844
150 144 0 6 320 242 -6 78 150 178 -9 -28 0.0 0.5000152152894568 14 -0.5000152152894568
150 141 6 9 320 239 -9 81 150 173 -6 -23 0.0 0.498723890191855 14 -0.498723890191855
150 144 0 6 320 234 -11 86 150 167 -3 -17 0.0 0.49527180946067834 14 -0.49527180946067834
150 146 0 4 320 230 -11 90 150 164 -4 -14 0.0 0.5191510438812276 16 -0.5191510438812276
150 145 0 5 320 228 -10 92 150 157 0 -7 0.0 0.5558431859185534 17 -0.5558431859185534
150 117 30 33 320 231 -7 89 150 139 13 11 0.0 0.5345231671403501 15 -0.5345231671403501
150 148 0 2 320 224 -13 96 150 148 0 2 0.0 0.5288830062107264 15 -0.5288830062107264
150 120 29 30 320 226 -8 94 150 132 15 18 0.0 0.5798785743652226 18 -0.5798785743652226
150 151 0 -1 320 217 -14 103 150 140 0 10 0.0 0.5335524008283905 14 -0.5335524008283905
150 151 0 -1 320 218 -9 102 150 139 4 11 0.0 0.524062739237959 15 -0.524062739237959
150 124 26 26 320 222 -7 98 150 122 19 28 0.0 0.544602180559137 16 -0.544602180559137
150 156 0 -6 320 218 -12 102 150 133 1 17 0.0 0.5331015003254661 15 -0.5331015003254661
150 129 24 21 320 214 -12 106 150 117 21 33 0.0 0.5732787292057547 18 -0.5732787292057547
150 166 -26 -16 320 203 -17 117 150 131 0 19 0.0 0.5524310116132652 15 -0.5524310116132652
150 132 26 18 320 206 -9 114 150 115 22 35 0.0 0.5499058945071278 16 -0.5499058945071278
150 142 -1 8 320 198 -16 122 150 118 11 32 0.0 0.5261894301631158 15 -0.5261894301631158
150 169 -23 -19 320 206 -7 114 150 137 -4 13 0.0 0.5476384449515558 17 -0.5476384449515558
150 129 30 21 320 212 -7 108 150 122 18 28 0.0 0.5746853845962865 18 -0.5746853845962865
150 147 0 3 320 210 -12 110 150 141 -5 9 0.0 0.45290508383676703 9 -0.45290508383676703
150 172 -23 -22 320 219 -5 101 150 157 -10 -7 0.0 0.4574082730709844 13 -0.4574082730709844
150 173 -12 -23 320 219 -10 101 150 156 -1 -6 0.0 0.4896337848452008 15 -0.4896337848452008
150 176 -14 -26 320 220 -9 100 150 158 -4 -8 0.0 0.4578353370611724 12 -0.4578353370611724
150 182 -19 -32 320 219 -10 101 150 160 -5 -10 0.0 0.4724568324731481 14 -0.4724568324731481
150 187 -21 -37 320 220 -9 100 150 161 -4 -11 0.0 0.43338327102461005 11 -0.43338327102461005
150 187 -18 -37 320 223 -8 97 150 161 -4 -11 0.0 0.42579074971438857 12 -0.42579074971438857
150 187 -18 -37 320 229 -6 91 150 158 -1 -8 0.0 0.42606180771718805 12 -0.42606180771718805
150 157 0 -7 320 232 -7 88 150 141 12 9 0.0 0.44355162898268136 13 -0.44355162898268136
150 188 -34 -38 320 240 -4 80 150 152 0 -2 0.0 0.3918919805297222 10 -0.3918919805297222
150 156 0 -6 320 246 -4 74 150 134 15 16 0.0 0.4200108524250734 13 -0.4200108524250734
150 192 -39 -42 320 250 -5 70 150 149 0 1 0.0 0.43540521667353915 13 -0.43540521667353915
150 192 -21 -42 320 259 -1 61 150 147 0 3 0.0 0.3540414853874699 8 -0.3540414853874699
150 189 -18 -39 320 264 -3 56 150 144 3 6 0.0 0.3671451238864065 11 -0.3671451238864065
150 188 -18 -38 320 275 1 45 150 141 5 9 0.0 0.36390229822559345 10 -0.36390229822559345
150 187 -18 -37 320 282 0 38 150 136 8 14 0.0 0.36369495553201264 10 -0.36369495553201264
150 184 -15 -34 320 288 0 32 150 133 8 17 0.0 0.36676997272039014 11 -0.36676997272039014
150 182 -15 -32 320 294 0 26 150 130 9 20 0.0 0.3720386750653875 11 -0.3720386750653875
150 178 -12 -28 320 300 1 20 150 127 10 23 0.0 0.372732748176926 11 -0.372732748176926
150 176 -12 -26 320 305 1 15 150 126 10 24 0.0 0.36340223007958167 10 -0.36340223007958167
150 177 -14 -27 320 307 0 13 150 125 10 25 0.0 0.3859020963736236 12 -0.3859020963736236
150 175 -11 -25 320 311 1 9 150 123 11 27 0.0 0.39582463316055966 12 -0.39582463316055966
150 169 -6 -19 320 314 0 6 150 122 11 28 0.0 0.391602848281356 11 -0.391602848281356
150 167 -7 -17 320 315 0 5 150 121 12 29 0.0 0.38543935892366993 11 -0.38543935892366993
150 163 -4 -13 320 318 0 2 150 120 12 30 0.0 0.3799546488877171 11 -0.3799546488877171
150 160 -3 -10 320 318 0 2 150 121 11 29 0.0 0.3659341602876866 10 -0.3659341602876866
150 156 0 -6 320 319 0 1 150 120 12 30 0.0 0.36909600384944985 11 -0.36909600384944985
150 156 0 -6 320 318 0 2 150 120 12 30 0.0 0.3586980103330493 10 -0.3586980103330493
150 152 0 -2 320 319 0 1 150 119 12 31 0.0 0.374184331278551 11 -0.374184331278551
150 149 0 1 320 318 0 2 150 119 12 31 0.0 0.36301100281741555 10 -0.36301100281741555
150 147 0 3 320 318 0 2 150 120 11 30 0.0 0.3515082185919625 10 -0.3515082185919625
150 145 0 5 320 316 0 4 150 120 12 30 0.0 0.3380349048715224 9 -0.3380349048715224
150 144 0 6 320 314 0 6 150 120 12 30 0.0 0.35791232333721373 11 -0.35791232333721373
150 144 0 6 320 313 0 7 150 120 12 30 0.0 0.3537480962960278 10 -0.3537480962960278
150 141 6 9 320 311 -1 9 150 119 12 31 0.0 0.36894477701149697 11 -0.36894477701149697
150 140 5 10 320 306 -3 14 150 121 10 29 0.0 0.3426195186299399 9 -0.3426195186299399
150 142 3 8 320 300 -5 20 150 121 11 29 0.0 0.35580439848086354 11 -0.35580439848086354
150 141 5 9 320 299 -2 21 150 120 12 30 0.0 0.34965992257978357 10 -0.34965992257978357
150 139 6 11 320 293 -5 27 150 121 11 29 0.0 0.32960055731069243 9 -0.32960055731069243
150 141 3 9 320 290 -4 30 150 121 11 29 0.0 0.33176148982438586 10 -0.33176148982438586
150 140 5 10 320 287 -4 33 150 122 10 28 0.0 0.30478975197657887 8 -0.30478975197657887
150 142 3 8 320 280 -7 40 150 123 10 27 0.0 0.2971555233981881 8 -0.2971555233981881
150 142 4 8 320 273 -8 47 150 122 11 28 0.0 0.31665637542760405 10 -0.31665637542760405
150 142 4 8 320 269 -7 51 150 122 11 28 0.0 0.3131492205728254 9 -0.3131492205728254
150 143 0 7 320 266 -6 54 150 122 11 28 0.0 0.28933731812747915 7 -0.28933731812747915
150 143 0 7 320 265 -6 55 150 121 12 29 0.0 0.28012974005299673 8 -0.28012974005299673
150 143 0 7 320 260 -8 60 150 119 13 31 0.0 0.2799031472757904 8 -0.2799031472757904
150 142 4 8 320 258 -7 62 150 119 12 31 0.0 0.2304107190192563 5 -0.2304107190192563
150 140 6 10 320 257 -6 63 150 118 13 32 0.0 0.2091299095412664 5 -0.2091299095412664
150 141 4 9 320 256 -6 64 150 117 13 33 0.0 0.2227543204182331 7 -0.2227543204182331
150 141 4 9 320 254 -7 66 150 114 15 36 0.0 0.2227732801681346 6 -0.2227732801681346
150 122 23 28 320 253 -7 67 150 106 21 44 0.0 0.2389478228273363 7 -0.2389478228273363
150 139 -3 11 320 252 -7 68 150 109 14 41 0.0 0.24032341825767797 7 -0.24032341825767797
150 121 23 29 320 253 -6 67 150 102 22 48 0.0 0.24016960050053218 7 -0.24016960050053218
150 138 -2 12 320 250 -8 70 150 107 14 43 0.0 0.22989940751870636 6 -0.22989940751870636
150 138 6 12 320 249 -7 71 150 107 17 43 0.0 0.2519906699336709 8 -0.2519906699336709
150 137 7 13 320 249 -7 71 150 106 18 44 0.0 0.26307272945072363 8 -0.26307272945072363
150 137 6 13 320 249 -7 71 150 106 17 44 0.0 0.25411210380498744 7 -0.25411210380498744
150 138 5 12 320 250 -6 70 150 106 17 44 0.0 0.25467125599674045 7 -0.25467125599674045
150 138 6 12 320 250 -7 70 150 106 17 44 0.0 0.2478631602783225 7 -0.2478631602783225
150 138 6 12 320 251 -6 69 150 107 16 43 0.0 0.2540945939987614 7 -0.2540945939987614
150 138 6 12 320 252 -6 68 150 107 17 43 0.0 0.24793413407122517 7 -0.24793413407122517
150 138 6 12 320 252 -6 68 150 108 16 42 0.0 0.2575179993232352 8 -0.2575179993232352
150 138 6 12 320 253 -6 67 150 108 16 42 0.0 0.24095633743569933 6 -0.24095633743569933
150 139 5 11 320 254 -6 66 150 111 14 39 0.0 0.251896883377972 7 -0.251896883377972
150 139 5 11 320 255 -6 65 150 112 14 38 0.0 0.25790606620894646 7 -0.25790606620894646
150 138 6 12 320 256 -5 64 150 114 13 36 0.0 0.25666754818840154 7 -0.25666754818840154
150 138 6 12 320 257 -5 63 150 116 12 34 0.0 0.23995199213000507 6 -0.23995199213000507
150 139 5 11 320 258 -5 62 150 116 13 34 0.0 0.24297975054202273 7 -0.24297975054202273
150 139 5 11 320 259 -5 61 150 118 11 32 0.0 0.251381380734072 7 -0.251381380734072
150 138 6 12 320 263 -3 57 150 119 11 31 0.0 0.26478060423033456 8 -0.26478060423033456
150 136 8 14 320 266 -3 54 150 118 13 32 0.0 0.2633992983486842 7 -0.2633992983486842
150 137 6 13 320 269 -3 51 150 117 13 33 0.0 0.2982438715609673 9 -0.2982438715609673
150 134 9 16 320 274 -2 46 150 116 14 34 0.0 0.30823941843630964 9 -0.30823941843630964
150 131 11 19 320 280 -1 40 150 112 17 38 0.0 0.3317335842062435 10 -0.3317335842062435
150 131 9 19 320 284 -1 36 150 112 15 38 0.0 0.32461353424435696 9 -0.32461353424435696
150 126 14 24 320 290 0 30 150 112 15 38 0.0 0.32931438768225774 10 -0.32931438768225774
150 126 12 24 320 297 1 23 150 111 16 39 0.0 0.29781442492022214 7 -0.29781442492022214
150 124 14 26 320 299 -1 21 150 111 15 39 0.0 0.27512704226197054 7 -0.27512704226197054
150 120 17 30 320 303 0 17 150 111 15 39 0.0 0.29767099255611346 9 -0.29767099255611346
150 117 18 33 320 304 -1 16 150 112 14 38 0.0 0.28392334381516593 8 -0.28392334381516593
150 116 17 34 320 304 -1 16 150 115 12 35 0.0 0.2731123277403936 7 -0.2731123277403936
150 116 17 34 320 303 -2 17 150 117 12 33 0.0 0.2764122142779866 8 -0.2764122142779866
150 117 16 33 320 302 -2 18 150 120 10 30 0.0 0.24362326138773277 6 -0.24362326138773277
150 116 17 34 320 301 -2 19 150 123 9 27 0.0 0.2704600654232876 8 -0.2704600654232876
150 115 18 35 320 301 -1 19 150 123 10 27 0.0 0.2508740145001197 6 -0.2508740145001197
150 116 16 34 320 301 -1 19 150 127 7 23 0.0 0.2776100357639535 9 -0.2776100357639535
150 117 16 33 320 302 -1 18 150 129 7 21 0.0 0.272003627412891 7 -0.272003627412891
150 117 16 33 320 303 -1 17 150 131 6 19 0.0 0.27286640808467827 8 -0.27286640808467827
150 118 15 32 320 303 -1 17 150 134 4 16 0.0 0.2473305384462053 6 -0.2473305384462053
150 118 16 32 320 303 -1 17 150 136 4 14 0.0 0.23131597386039135 6 -0.23131597386039135
150 119 15 31 320 303 -1 17 150 137 4 13 0.0 0.24042664337443354 7 -0.24042664337443354
150 120 14 30 320 302 -2 18 150 139 3 11 0.0 0.23846745385064766 7 -0.23846745385064766
150 121 14 29 320 301 -2 19 150 139 4 11 0.0 0.217030880189336 5 -0.217030880189336
150 123 12 27 320 301 -1 19 150 139 4 11 0.0 0.24156238335256885 7 -0.24156238335256885
150 123 13 27 320 301 -1 19 150 140 3 10 0.0 0.2524631694059367 7 -0.2524631694059367
150 125 11 25 320 300 -2 20 150 141 3 9 0.0 0.23185733813866508 6 -0.23185733813866508
150 126 11 24 320 296 -4 24 150 141 3 9 0.0 0.2559886305772228 8 -0.2559886305772228
150 129 9 21 320 296 -2 24 150 141 3 9 0.0 0.2621798693759158 8 -0.2621798693759158
150 129 10 21 320 292 -4 28 150 140 4 10 0.0 0.24554741962244084 6 -0.24554741962244084
150 132 7 18 320 291 -3 29 150 141 3 9 0.0 0.24883621665203332 7 -0.24883621665203332
150 90 51 60 320 315 0 5 150 125 18 25 0.0 0.24106408183011624 6 -0.24106408183011624
150 92 28 58 320 308 -4 12 150 124 10 26 0.0 0.20843639864319757 5 -0.20843639864319757
150 96 25 54 320 303 -4 17 150 124 10 26 0.0 0.23585428466411115 7 -0.23585428466411115
150 109 14 41 320 295 -6 25 150 125 9 25 0.0 0.24599518974558546 7 -0.24599518974558546
150 119 10 31 320 291 -4 29 150 132 3 18 0.0 0.24925307662273133 7 -0.24925307662273133
150 150 0 0 320 267 -17 53 150 147 0 3 0.0 0.2506558064579005 7 -0.2506558064579005
150 150 0 0 320 268 -4 52 150 147 0 3 0.0 0.25970888113931134 8 -0.25970888113931134
150 150 0 0 320 268 -5 52 150 147 0 3 0.0 0.2626081211524857 7 -0.2626081211524857
150 150 0 0 320 268 -5 52 150 147 0 3 0.0 0.262223733939393 7 -0.262223733939393
150 150 0 0 320 268 -5 52 150 147 0 3 0.0 0.2625041519403846 7 -0.2625041519403846
150 150 0 0 320 267 -5 53 150 147 0 3 0.0 0.26332296413183004 7 -0.26332296413183004
150 150 0 0 320 268 -4 52 150 147 0 3 0.0 0.2636449123705524 7 -0.2636449123705524
150 150 0 0 320 268 -5 52 150 147 0 3 0.0 0.2622260546726276 7 -0.2622260546726276
150 150 0 0 320 268 -5 52 150 147 0 3 0.0 0.26162727165525806 7 -0.26162727165525806
150 149 0 1 320 264 -7 56 150 149 0 1 0.0 0.34865292015793375 13 -0.34865292015793375
150 150 0 0 320 267 -3 53 150 149 0 1 0.0 0.38283135695306136 12 -0.38283135695306136
150 146 0 4 320 268 -4 52 150 149 0 1 0.0 0.37271882409104534 10 -0.37271882409104534
150 155 0 -5 320 251 -15 69 150 148 0 2 0.0 0.38501512141374966 11 -0.38501512141374966
150 224 -71 -74 320 200 -37 120 150 161 -10 -11 0.0 -0.1434934613016584 0 0.1434934613016584
150 235 -48 -85 320 195 -15 125 150 157 0 -7 0.0 0.16107847973369913 0 -0.16107847973369913
150 229 -36 -79 320 197 -11 123 150 149 0 1 0.0 0.15816716927903648 0 -0.15816716927903648
150 248 -58 -98 320 190 -16 130 150 159 -8 -9 0.0 0.2377977168708552 9 -0.2377977168708552
150 259 -60 -109 320 184 -16 136 150 162 -6 -12 0.0 0.25127787434974225 7 -0.25127787434974225
150 264 -59 -114 320 183 -14 137 150 167 -9 -17 0.0 0.2841579289118974 9 -0.2841579289118974
150 267 -60 -117 320 181 -14 139 150 169 -8 -19 0.0 0.27638370150746766 8 -0.27638370150746766
150 274 -65 -124 320 183 -12 137 150 173 -11 -23 0.0 0.33369112524478795 11 -0.33369112524478795
150 280 -68 -130 320 183 -13 137 150 208 -40 -58 0.0 0.2677266245568166 6 -0.2677266245568166
150 281 -66 -131 320 183 -13 137 150 213 -27 -63 0.0 0.2609849180666179 7 -0.2609849180666179
150 281 -65 -131 320 186 -11 134 150 210 -22 -60 0.0 0.2585407448340844 7 -0.2585407448340844
150 277 -61 -127 320 188 -12 132 150 202 -16 -52 0.0 0.2668786990969586 8 -0.2668786990969586
150 272 -58 -122 320 196 -8 124 150 196 -15 -46 0.0 0.2609261287138172 7 -0.2609261287138172
150 261 -50 -111 320 208 -5 112 150 190 -13 -40 0.0 0.2714238093402795 8 -0.2714238093402795
150 247 -41 -97 320 226 0 94 150 178 -5 -28 0.0 0.2421298408252379 6 -0.2421298408252379
150 241 -42 -91 320 229 -7 91 150 175 -8 -25 0.0 0.28424619757870506 9 -0.28424619757870506
150 232 -36 -82 320 244 0 76 150 168 -3 -18 0.0 0.17723524640934007 0 -0.17723524640934007
150 215 -24 -65 320 264 4 56 150 162 -1 -12 0.0 0.28552317218092144 11 -0.28552317218092144
150 200 -17 -50 320 277 2 43 150 158 -1 -8 0.0 0.27714042030913816 8 -0.27714042030913816
150 141 34 9 320 282 -1 38 150 159 -4 -9 0.0 0.24299962924227433 6 -0.24299962924227433
150 172 -26 -22 320 295 4 25 150 155 0 -5 0.0 0.32074063269237124 11 -0.32074063269237124
150 162 -1 -12 320 301 1 19 150 150 0 0 0.0 0.29767892771113785 8 -0.29767892771113785
150 144 0 6 320 310 3 10 150 143 6 7 0.0 0.2883718495390014 8 -0.2883718495390014
150 141 6 9 320 312 0 8 150 126 18 24 0.0 0.32477910339253846 10 -0.32477910339253846
150 109 36 41 320 306 -4 14 150 119 15 31 0.0 0.2840613917408294 7 -0.2840613917408294
150 124 5 26 320 318 0 2 150 109 21 41 0.0 0.297388596122711 9 -0.297388596122711
150 117 20 33 320 321 0 -1 150 110 15 40 0.0 0.26784177777320406 7 -0.26784177777320406
150 113 20 37 320 323 0 -3 150 110 16 40 0.0 0.2781182596830299 8 -0.2781182596830299
150 90 41 60 320 321 0 -1 150 117 9 33 0.0 0.26770405079045045 7 -0.26770405079045045
150 106 14 44 320 329 4 -9 150 110 19 40 0.0 0.27108505910317027 8 -0.27108505910317027
150 101 27 49 320 332 2 -12 150 110 16 40 0.0 0.2797124218053492 8 -0.2797124218053492
150 85 40 65 320 335 3 -15 150 106 19 44 0.0 0.2447160747067019 6 -0.2447160747067019
150 94 23 56 320 336 2 -16 150 113 11 37 0.0 0.2706275111162584 8 -0.2706275111162584
150 92 30 58 320 338 2 -18 150 114 13 36 0.0 0.2689050343999347 8 -0.2689050343999347
150 90 31 60 320 338 1 -18 150 115 13 35 0.0 0.28310231618204074 8 -0.28310231618204074
150 88 32 62 320 337 1 -17 150 116 13 34 0.0 0.2814794454994277 8 -0.2814794454994277
150 87 32 63 320 338 2 -18 150 117 12 33 0.0 0.2921427649150077 9 -0.2921427649150077
150 70 48 80 320 338 1 -18 150 117 13 33 0.0 0.29400935347318813 8 -0.29400935347318813
150 87 23 63 320 332 -1 -12 150 124 6 26 0.0 0.2894047267297581 8 -0.2894047267297581
150 72 46 78 320 331 0 -11 150 125 9 25 0.0 0.2944877795055595 8 -0.2944877795055595
150 88 23 62 320 327 0 -7 150 136 0 14 0.0 0.26977283418020925 7 -0.26977283418020925
150 88 31 62 320 326 0 -6 150 138 3 12 0.0 0.2592846836653276 7 -0.2592846836653276
150 88 31 62 320 325 0 -5 150 141 2 9 0.0 0.27038575894890066 8 -0.27038575894890066
150 87 32 63 320 325 0 -5 150 141 3 9 0.0 0.2530207606134714 7 -0.2530207606134714
150 88 30 62 320 325 0 -5 150 143 1 7 0.0 0.2492736187585119 7 -0.2492736187585119
150 89 30 61 320 323 0 -3 150 143 2 7 0.0 0.23594121871071708 6 -0.23594121871071708
150 89 30 61 320 322 0 -2 150 143 2 7 0.0 0.2430987790900373 7 -0.2430987790900373
150 90 29 60 320 320 0 0 150 143 2 7 0.0 0.20973901032634293 5 -0.20973901032634293
150 89 31 61 320 317 0 3 150 142 3 8 0.0 0.2146756309005134 6 -0.2146756309005134
150 89 30 61 320 316 0 4 150 142 3 8 0.0 0.2310178425182674 7 -0.2310178425182674
150 90 29 60 320 312 -2 8 150 141 4 9 0.0 0.20859830104708976 5 -0.20859830104708976
150 92 28 58 320 308 -3 12 150 141 3 9 0.0 0.24008288694009317 8 -0.24008288694009317
150 94 27 56 320 303 -4 17 150 141 3 9 0.0 0.20909876461367427 5 -0.20909876461367427
150 94 28 56 320 300 -3 20 150 141 3 9 0.0 0.23119719767624503 7 -0.23119719767624503
150 96 26 54 320 293 -6 27 150 141 3 9 0.0 0.22065107165479542 6 -0.22065107165479542
150 97 26 53 320 287 -6 33 150 139 5 11 0.0 0.2076933891613828 5 -0.2076933891613828
150 98 25 52 320 284 -5 36 150 139 4 11 0.0 0.23489603415074442 7 -0.23489603415074442
150 99 25 51 320 278 -7 42 150 137 6 13 0.0 0.22116350460615183 6 -0.22116350460615183
150 102 22 48 320 274 -6 46 150 139 3 11 0.0 0.24057447134044418 7 -0.24057447134044418
150 104 22 46 320 272 -5 48 150 141 2 9 0.0 0.24181047812255185 7 -0.24181047812255185
150 106 21 44 320 270 -6 50 150 144 0 6 0.0 0.20057637830618597 4 -0.20057637830618597
150 109 19 41 320 269 -5 51 150 148 0 2 0.0 0.22320224595294036 7 -0.22320224595294036
150 109 20 41 320 270 -4 50 150 148 0 2 0.0 0.22214867153568205 6 -0.22214867153568205
150 113 16 37 320 272 -3 48 150 155 0 -5 0.0 0.24536550957880218 8 -0.24536550957880218
150 115 16 35 320 273 -4 47 150 158 -4 -8 0.0 0.2305128268398775 6 -0.2305128268398775
150 116 16 34 320 270 -6 50 150 163 -7 -13 0.0 0.23436515833533922 7 -0.23436515833533922
150 117 16 33 320 270 -5 50 150 166 -7 -16 0.0 0.232861419288128 6 -0.232861419288128
150 120 13 30 320 268 -6 52 150 171 -10 -21 0.0 0.26981159376285113 9 -0.26981159376285113
150 122 13 28 320 266 -6 54 150 173 -10 -23 0.0 0.2621067563528649 7 -0.2621067563528649
150 124 12 26 320 266 -5 54 150 175 -11 -25 0.0 0.26391748716912194 7 -0.26391748716912194
150 127 10 23 320 264 -6 56 150 175 -10 -25 0.0 0.2550068324265172 7 -0.2550068324265172
150 129 9 21 320 258 -9 62 150 174 -9 -24 0.0 0.27666228504107093 8 -0.27666228504107093
150 134 5 16 320 252 -9 68 150 175 -10 -25 0.0 0.29493798670319554 9 -0.29493798670319554
150 137 5 13 320 247 -9 73 150 174 -9 -24 0.0 0.26656690019918305 7 -0.26656690019918305
150 140 3 10 320 245 -8 75 150 176 -11 -26 0.0 0.27230691701703824 8 -0.27230691701703824
150 144 0 6 320 241 -9 79 150 175 -9 -25 0.0 0.2744782418321346 8 -0.2744782418321346
150 145 0 5 320 238 -9 82 150 174 -9 -24 0.0 0.2413505676848582 6 -0.2413505676848582
150 150 0 0 320 232 -11 88 150 168 -4 -18 0.0 0.27309136697616065 9 -0.27309136697616065
150 151 0 -1 320 228 -11 92 150 164 -3 -14 0.0 0.24148824969573715 6 -0.24148824969573715
150 155 0 -5 320 222 -12 98 150 155 0 -5 0.0 0.2681766246253275 8 -0.2681766246253275
150 161 -8 -11 320 220 -11 100 150 152 0 -2 0.0 0.27679641799512406 8 -0.27679641799512406
150 167 -11 -17 320 218 -11 102 150 147 0 3 0.0 0.23925380645183875 6 -0.23925380645183875
150 172 -13 -22 320 216 -11 104 150 145 0 5 0.0 0.22807572459150915 6 -0.22807572459150915
150 176 -15 -26 320 216 -10 104 150 144 2 6 0.0 0.2525463300866886 8 -0.2525463300866886
150 180 -17 -30 320 215 -11 105 150 141 5 9 0.0 0.24339730628193704 7 -0.24339730628193704
150 184 -19 -34 320 216 -9 104 150 140 4 10 0.0 0.2381472931627274 6 -0.2381472931627274
150 187 -20 -37 320 213 -12 107 150 139 4 11 0.0 0.22312678792042123 6 -0.22312678792042123
150 190 -21 -40 320 213 -10 107 150 139 4 11 0.0 0.22940411551332662 7 -0.22940411551332662
150 192 -22 -42 320 212 -11 108 150 140 3 10 0.0 0.2677566193615263 9 -0.2677566193615263
150 195 -24 -45 320 206 -14 114 150 141 3 9 0.0 0.25855719184241965 7 -0.25855719184241965
150 199 -26 -49 320 204 -12 116 150 144 0 6 0.0 0.27653206166606076 8 -0.27653206166606076
150 201 -26 -51 320 207 -9 113 150 148 0 2 0.0 0.2791034354327607 8 -0.2791034354327607
150 204 -28 -54 320 208 -10 112 150 153 0 -3 0.0 0.27505135766779204 8 -0.27505135766779204
150 205 -28 -55 320 209 -10 111 150 156 -3 -6 0.0 0.24869984983420954 6 -0.24869984983420954
150 205 -27 -55 320 213 -8 107 150 160 -6 -10 0.0 0.2769274623452108 9 -0.2769274623452108
150 206 -28 -56 320 216 -8 104 150 162 -5 -12 0.0 0.2743360256973063 8 -0.2743360256973063
150 202 -24 -52 320 223 -6 97 150 165 -7 -15 0.0 0.2867902712653747 8 -0.2867902712653747
150 199 -23 -49 320 228 -6 92 150 165 -6 -15 0.0 0.2628472195368763 7 -0.2628472195368763
150 196 -21 -46 320 235 -5 85 150 168 -8 -18 0.0 0.3005037845054943 10 -0.3005037845054943
150 193 -20 -43 320 245 -2 75 150 173 -11 -23 0.0 0.25529971752996594 6 -0.25529971752996594
150 189 -17 -39 320 252 -3 68 150 173 -9 -23 0.0 0.25255824849486885 7 -0.25255824849486885
150 186 -16 -36 320 263 0 57 150 178 -13 -28 0.0 0.29952322160989087 10 -0.29952322160989087
150 183 -15 -33 320 272 0 48 150 181 -13 -31 0.0 0.29200613243109497 8 -0.29200613243109497
150 177 -10 -27 320 280 0 40 150 183 -14 -33 0.0 0.28128640873259614 8 -0.28128640873259614
150 174 -10 -24 320 285 -1 35 150 184 -14 -34 0.0 0.27448245067102944 8 -0.27448245067102944
150 169 -7 -19 320 292 0 28 150 186 -15 -36 0.0 0.25371679084512044 6 -0.25371679084512044
150 165 -5 -15 320 296 0 24 150 187 -15 -37 0.0 0.2431962987905556 6 -0.2431962987905556
150 162 -4 -12 320 301 0 19 150 190 -17 -40 0.0 0.2651139788075316 8 -0.2651139788075316
150 159 -3 -9 320 306 1 14 150 190 -16 -40 0.0 0.2645493977271142 7 -0.2645493977271142
150 155 0 -5 320 310 1 10 150 191 -16 -41 0.0 0.28762973814252407 9 -0.28762973814252407
150 151 0 -1 320 315 0 5 150 192 -17 -42 0.0 0.2595260516287655 6 -0.2595260516287655
150 146 0 4 320 319 0 1 150 192 -16 -42 0.0 0.2671250778475203 8 -0.2671250778475203
150 143 0 7 320 320 0 0 150 191 -15 -41 0.0 0.26447048057411277 7 -0.26447048057411277
150 140 6 10 320 323 0 -3 150 190 -15 -40 0.0 0.26603452709643904 8 -0.26603452709643904
150 138 7 12 320 323 0 -3 150 190 -16 -40 0.0 0.27479701599904394 8 -0.27479701599904394
150 136 8 14 320 324 0 -4 150 188 -14 -38 0.0 0.27624372200905273 8 -0.27624372200905273
150 134 9 16 320 324 0 -4 150 186 -13 -36 0.0 0.2717266030869367 8 -0.2717266030869367
150 131 11 19 320 323 0 -3 150 184 -12 -34 0.0 0.24674696702510152 6 -0.24674696702510152
150 130 10 20 320 322 0 -2 150 184 -13 -34 0.0 0.2501096211571743 7 -0.2501096211571743
150 127 13 23 320 322 0 -2 150 182 -11 -32 0.0 0.2308136295204926 6 -0.2308136295204926
150 126 12 24 320 320 0 0 150 182 -12 -32 0.0 0.2374426644793472 7 -0.2374426644793472
150 125 13 25 320 316 0 4 150 180 -11 -30 0.0 0.23374575245651275 6 -0.23374575245651275
150 125 12 25 320 313 0 7 150 180 -12 -30 0.0 0.24029737926355108 7 -0.24029737926355108
150 126 11 24 320 310 -2 10 150 179 -11 -29 0.0 0.2616023748517326 8 -0.2616023748517326
150 123 15 27 320 309 -1 11 150 177 -9 -27 0.0 0.25775684900445306 7 -0.25775684900445306
150 124 12 26 320 303 -4 17 150 175 -9 -25 0.0 0.22980152137274043 6 -0.22980152137274043
150 124 13 26 320 300 -3 20 150 173 -8 -23 0.0 0.1936173945547227 0 -0.1936173945547227
150 125 12 25 320 294 -5 26 150 171 -7 -21 0.0 0.18677169390940876 0 -0.18677169390940876
150 128 9 22 320 286 -7 34 150 176 -12 -26 0.0 0.2654126105387776 10 -0.2654126105387776
150 127 12 23 320 282 -5 38 150 182 -15 -32 0.0 0.26518140248092315 7 -0.26518140248092315
150 127 11 23 320 276 -7 44 150 198 -27 -48 0.0 0.2388466647343583 6 -0.2388466647343583
150 126 12 24 320 272 -6 48 150 205 -25 -55 0.0 0.27987675596913647 9 -0.27987675596913647
150 126 12 24 320 266 -8 54 150 215 -31 -65 0.0 0.26048279494448945 7 -0.26048279494448945
150 127 11 23 320 258 -10 62 150 222 -32 -72 0.0 0.266425715087394 8 -0.266425715087394
150 127 11 23 320 250 -11 70 150 232 -37 -82 0.0 0.22771670187699 5 -0.22771670187699
150 128 10 22 320 245 -10 75 150 249 -48 -99 0.0 0.25394732242575685 8 -0.25394732242575685
150 126 13 24 320 238 -11 82 150 267 -55 -117 0.0 0.23163370106620151 6 -0.23163370106620151
150 126 12 24 320 229 -13 91 150 283 -61 -133 0.0 0.22845524758676325 6 -0.22845524758676325
150 125 13 25 320 229 -9 91 150 282 -52 -132 0.0 0.2246119402034347 6 -0.2246119402034347
150 124 13 26 320 224 -12 96 150 290 -60 -140 0.0 0.22468657739442865 6 -0.22468657739442865
150 124 13 26 320 219 -12 101 150 297 -62 -147 0.0 0.2220591855821591 6 -0.2220591855821591
150 126 11 24 320 201 -20 119 150 313 -73 -163 0.0 0.21503378794706104 6 -0.21503378794706104
150 126 12 24 320 201 -11 119 150 312 -64 -162 0.0 0.21455739888058478 6 -0.21455739888058478
150 127 11 23 320 198 -13 122 150 307 -60 -157 0.0 0.21589116703265662 6 -0.21589116703265662
150 128 10 22 320 196 -13 124 150 304 -60 -154 0.0 0.23265937129787417 7 -0.23265937129787417
150 128 11 22 320 196 -12 124 150 299 -57 -149 0.0 0.21920350034967884 6 -0.21920350034967884
150 139 0 11 320 195 -13 125 150 278 -40 -128 0.0 0.26449208666916924 9 -0.26449208666916924
150 135 9 15 320 193 -13 127 150 263 -37 -113 0.0 0.20450262943443087 4 -0.20450262943443087
150 147 0 3 320 194 -12 126 150 241 -25 -91 0.0 0.2530439240393919 9 -0.2530439240393919
150 146 0 4 320 194 -12 126 150 226 -22 -76 0.0 0.24747715925937738 7 -0.24747715925937738
150 157 0 -7 320 194 -12 126 150 200 -7 -50 0.0 0.27153247252763396 8 -0.27153247252763396
150 167 -13 -17 320 194 -12 126 150 171 6 -21 0.0 0.261283827770172 7 -0.261283827770172
150 175 -16 -25 320 194 -12 126 150 142 17 8 0.0 0.2978456567434012 10 -0.2978456567434012
150 183 -20 -33 320 193 -13 127 150 112 30 38 0.0 0.31651228957970506 10 -0.31651228957970506
150 178 -11 -28 320 193 -12 127 150 95 30 55 0.0 0.25214209101756785 5 -0.25214209101756785
150 186 -22 -36 320 191 -13 129 150 72 42 78 0.0 0.2583176678179122 7 -0.2583176678179122
150 180 -12 -30 320 192 -12 128 150 63 39 87 0.0 0.24552746640094913 6 -0.24552746640094913
150 176 -11 -26 320 193 -12 127 150 57 40 93 0.0 0.23489222705179236 6 -0.23489222705179236
150 173 -10 -23 320 190 -14 130 150 39 53 111 0.0 0.23364977316286217 6 -0.23364977316286217
150 179 -17 -29 320 191 -12 129 150 26 56 124 0.0 0.20320533419918946 5 -0.20320533419918946
150 176 -11 -26 320 189 -14 131 150 14 60 136 0.0 0.18008456910401033 0 -0.18008456910401033
150 166 -3 -16 320 191 -11 129 150 13 55 137 0.0 0.16717849846669974 0 -0.16717849846669974
150 170 -12 -20 320 192 -12 128 150 6 61 144 0.0 0.15368957841436828 0 -0.15368957841436828
150 169 -9 -19 320 198 -9 122 150 4 59 146 0.0 0.15195278069055296 0 -0.15195278069055296
150 153 0 -3 320 198 -12 122 150 -1 62 151 0.0 0.14047117447578297 0 -0.14047117447578297
150 150 0 0 320 196 -13 124 150 -2 61 152 0.0 0.15188734879332375 0 -0.15188734879332375
150 146 0 4 320 200 -10 120 150 -9 67 159 0.0 0.09314204958215637 0 -0.09314204958215637
150 146 0 4 320 200 0 120 150 -9 0 159 0.0 0.09314204958215637 0 -0.09314204958215637
150 146 0 4 320 200 0 120 150 -9 0 159 0.0 0.09314204958215637 0 -0.09314204958215637
150 146 0 4 320 200 0 120 150 -9 0 159 0.0 0.09314204958215637 0 -0.09314204958215637
150 146 0 4 320 200 0 120 150 -9 0 159 0.0 0.09314204958215637 0 -0.09314204958215637
150 146 0 4 320 200 0 120 150 -9 0 159 0.0 0.09314204958215637 0 -0.09314204958215637
150 146 0 4 320 200 0 120 150 -9 0 159 0.0 0.09314204958215637 0 -0.09314204958215637
150 150 0 0 320 241 12 79 150 8 48 142 0.0 0.14417970977702677 0 -0.14417970977702677
150 155 0 -5 320 249 -3 71 150 9 55 141 0.0 0.17621061174190983 0 -0.17621061174190983
150 161 -8 -11 320 259 -1 61 150 6 59 144 0.0 0.16307228431357917 0 -0.16307228431357917
150 158 -2 -8 320 265 -2 55 150 11 53 139 0.0 0.15504892126473574 0 -0.15504892126473574
150 153 0 -3 320 270 -2 50 150 12 54 138 0.0 0.15253943936520442 0 -0.15253943936520442
150 147 0 3 320 281 1 39 150 13 54 137 0.0 0.1166144044743958 0 -0.1166144044743958
150 153 0 -3 320 288 0 32 150 11 56 139 0.0 0.10632937737399833 0 -0.10632937737399833
150 152 0 -2 320 293 0 27 150 17 50 133 0.0 0.16250331589139033 0 -0.16250331589139033
150 152 0 -2 320 294 -2 26 150 20 50 130 0.0 0.14653736438098008 0 -0.14653736438098008
150 158 -7 -8 320 308 5 12 150 35 38 115 0.0 0.19793066638798118 0 -0.19793066638798118
150 172 -18 -22 320 314 0 6 150 35 46 115 0.0 0.19453941151103954 0 -0.19453941151103954
150 182 -21 -32 320 317 0 3 150 53 29 97 0.0 0.21938301353345185 7 -0.21938301353345185
150 194 -28 -44 320 317 0 3 150 70 23 80 0.0 0.23177219132668386 7 -0.23177219132668386
150 195 -23 -45 320 320 0 0 150 91 13 59 0.0 0.23507624960803336 7 -0.23507624960803336
150 196 -23 -46 320 320 0 0 150 93 21 57 0.0 0.23038841321118905 6 -0.23038841321118905
150 192 -19 -42 320 326 0 -6 150 118 0 32 0.0 0.25753996695438464 8 -0.25753996695438464
150 186 -15 -36 320 336 6 -16 150 140 -7 10 0.0 0.24424729904358314 6 -0.24424729904358314
150 183 -15 -33 320 347 8 -27 150 157 -11 -7 0.0 0.28467376433175834 9 -0.28467376433175834
150 181 -14 -31 320 352 5 -32 150 162 -7 -12 0.0 0.25932075463445997 7 -0.25932075463445997
150 175 -9 -25 320 361 8 -41 150 167 -9 -17 0.0 0.2728105432363262 8 -0.2728105432363262
150 172 -9 -22 320 366 7 -46 150 166 -5 -16 0.0 0.2696647187213851 7 -0.2696647187213851
150 170 -9 -20 320 371 7 -51 150 164 -4 -14 0.0 0.25664423472689313 7 -0.25664423472689313
150 171 -11 -21 320 371 5 -51 150 163 -4 -13 0.0 0.2734364393887461 8 -0.2734364393887461
150 171 -10 -21 320 412 29 -92 150 156 1 -6 0.0 0.3101860345553313 10 -0.3101860345553313
150 165 -4 -15 320 424 16 -104 150 154 0 -4 0.0 0.2754179587106239 7 -0.2754179587106239
150 161 -3 -11 320 434 16 -114 150 154 0 -4 0.0 0.2525316369128666 6 -0.2525316369128666
150 159 -3 -9 320 434 11 -114 150 152 0 -2 0.0 0.23520678625330194 6 -0.23520678625330194
150 135 19 15 320 464 29 -144 150 155 0 -5 0.0 0.2538983767143848 8 -0.2538983767143848
150 154 0 -4 320 485 27 -165 150 166 -11 -16 0.0 0.23335790119358754 6 -0.23335790119358754
150 119 33 31 320 501 26 -181 150 176 -15 -26 0.0 0.289688433534549 10 -0.289688433534549
150 142 -7 8 320 508 22 -188 150 176 -10 -26 0.0 0.28327399753134747 8 -0.28327399753134747
150 141 5 9 320 513 21 -193 150 179 -13 -29 0.0 0.21665220723798842 4 -0.21665220723798842
150 136 9 14 320 519 22 -199 150 182 -14 -32 0.0 0.19937200937901614 0 -0.19937200937901614
150 134 9 16 320 521 21 -201 150 182 -12 -32 0.0 0.21188365434647702 6 -0.21188365434647702
150 132 10 18 320 523 21 -203 150 183 -13 -33 0.0 0.20012786834430116 5 -0.20012786834430116
150 131 10 19 320 523 20 -203 150 182 -12 -32 0.0 0.18097063920998266 0 -0.18097063920998266
150 128 12 22 320 522 19 -202 150 182 -12 -32 0.0 0.163565279823728 0 -0.163565279823728
150 126 13 24 320 516 16 -196 150 178 -9 -28 0.0 0.18302536283434956 0 -0.18302536283434956
150 124 14 26 320 515 19 -195 150 177 -10 -27 0.0 0.10329199965166777 0 -0.10329199965166777
150 123 14 27 320 508 15 -188 150 175 -9 -25 0.0 0.14800697747457223 0 -0.14800697747457223
150 123 13 27 320 498 12 -178 150 173 -8 -23 0.0 0.1649752758409578 0 -0.1649752758409578
150 121 15 29 320 483 8 -163 150 169 -5 -19 0.0 0.08065335999958057 0 -0.08065335999958057
150 123 12 27 320 476 12 -156 150 169 -7 -19 0.0 0.07952232124855499 0 -0.07952232124855499
150 121 15 29 320 467 10 -147 150 166 -4 -16 0.0 0.08680199649116108 0 -0.08680199649116108
150 121 14 29 320 455 7 -135 150 164 -4 -14 0.0 0.12946779313959292 0 -0.12946779313959292
150 121 14 29 320 450 10 -130 150 162 -3 -12 0.0 0.1434169727390975 0 -0.1434169727390975
150 121 14 29 320 450 13 -130 150 161 -3 -11 0.0 0.15822056604949403 0 -0.15822056604949403
150 119 16 31 320 450 13 -130 150 161 -4 -11 0.0 0.1631219758584125 0 -0.1631219758584125
150 123 11 27 320 418 -6 -98 150 157 0 -7 0.0 0.1671507750271723 0 -0.1671507750271723
150 122 14 28 320 414 7 -94 150 158 -3 -8 0.0 0.23235628431144104 8 -0.23235628431144104
150 119 17 31 320 396 -1 -76 150 155 0 -5 0.0 0.22198658148660844 6 -0.22198658148660844
150 119 15 31 320 396 7 -76 150 154 0 -4 0.0 0.2601697830995312 8 -0.2601697830995312
150 123 11 27 320 390 4 -70 150 155 0 -5 0.0 0.22513459663536853 5 -0.22513459663536853
150 122 14 28 320 391 7 -71 150 156 -2 -6 0.0 0.21597607668245178 6 -0.21597607668245178
150 123 13 27 320 391 7 -71 150 156 -2 -6 0.0 0.21464387862259607 6 -0.21464387862259607
150 124 12 26 320 384 2 -64 150 156 -2 -6 0.0 0.22106623187596966 6 -0.22106623187596966
150 126 11 24 320 367 -3 -47 150 154 0 -4 0.0 0.14520542994360813 0 -0.14520542994360813
150 127 11 23 320 351 -4 -31 150 151 0 -1 0.0 0.2180800357940541 8 -0.2180800357940541
150 135 3 15 320 317 0 3 150 145 0 5 0.0 0.16166897517191509 0 -0.16166897517191509
150 136 6 14 320 295 -13 25 150 146 0 4 0.0 0.23704607209333722 9 -0.23704607209333722
150 136 7 14 320 280 -11 40 150 148 0 2 0.0 0.20304397339249802 5 -0.20304397339249802
150 140 3 10 320 275 -7 45 150 151 0 -1 0.0 0.04642314341592139 0 -0.04642314341592139
150 149 0 1 320 245 -22 75 150 144 5 6 0.0 0.12209505633768095 0 -0.12209505633768095
150 144 0 6 320 223 -20 97 150 146 0 4 0.0 -0.3008547811915997 -21 0.3008547811915997
150 144 0 6 320 223 0 97 150 146 0 4 0.0 -0.3008547811915997 0 0.3008547811915997
150 144 0 6 320 223 0 97 150 146 0 4 0.0 -0.3008547811915997 0 0.3008547811915997
150 148 0 2 320 108 -78 212 150 142 5 8 0.0 0.08598414750298494 0 -0.08598414750298494
150 158 -9 -8 320 90 -32 230 150 145 0 5 0.0 0.16852688819888764 0 -0.16852688819888764
150 166 -12 -16 320 73 -33 247 150 145 0 5 0.0 0.236799913015281 9 -0.236799913015281
150 169 -11 -19 320 54 -36 266 150 146 0 4 0.0 0.2742481950597044 9 -0.2742481950597044
150 170 -10 -20 320 44 -32 276 150 150 0 0 0.0 0.2497503744064127 6 -0.2497503744064127
150 176 -16 -26 320 23 -40 297 150 150 0 0 0.0 0.23303172103668107 6 -0.23303172103668107
150 175 -12 -25 320 17 -33 303 150 152 0 -2 0.0 0.2527286845492655 8 -0.2527286845492655
150 174 -11 -24 320 6 -36 314 150 155 0 -5 0.0 0.24407802851922847 7 -0.24407802851922847
150 176 -14 -26 320 1 -34 319 150 156 -2 -6 0.0 0.24894622069327363 7 -0.24894622069327363
150 179 -16 -29 320 1 -31 319 150 157 -3 -7 0.0 0.25992665444465723 8 -0.25992665444465723
150 178 -13 -28 320 8 -27 312 150 162 -7 -12 0.0 0.24600766485975245 6 -0.24600766485975245
150 177 -13 -27 320 8 -31 312 150 161 -3 -11 0.0 0.2630809623542765 8 -0.2630809623542765
150 181 -17 -31 320 21 -23 299 150 165 -8 -15 0.0 0.2731935157862942 8 -0.2731935157862942
150 181 -15 -31 320 29 -25 291 150 168 -8 -18 0.0 0.28422478723532224 8 -0.28422478723532224
150 180 -14 -30 320 33 -26 287 150 170 -9 -20 0.0 0.27954163524179343 8 -0.27954163524179343
150 180 -15 -30 320 53 -16 267 150 172 -9 -22 0.0 0.2824963937310786 8 -0.2824963937310786
150 159 6 -9 320 77 -12 243 150 167 -4 -17 0.0 0.2987713512123173 9 -0.2987713512123173
150 180 -25 -30 320 101 -9 219 150 174 -13 -24 0.0 0.289345735009865 8 -0.289345735009865
150 176 -11 -26 320 117 -12 203 150 174 -9 -24 0.0 0.31832897505898605 10 -0.31832897505898605
150 173 -10 -23 320 132 -11 188 150 174 -9 -24 0.0 0.2979391575905906 8 -0.2979391575905906
150 177 -15 -27 320 175 7 145 150 174 -9 -24 0.0 0.3117107677862122 9 -0.3117107677862122
150 172 -8 -22 320 207 4 113 150 174 -9 -24 0.0 0.30640026411914595 9 -0.30640026411914595
150 173 -12 -23 320 238 7 82 150 171 -6 -21 0.0 0.3133076151678077 9 -0.3133076151678077
150 166 -4 -16 320 267 9 53 150 169 -6 -19 0.0 0.27688859846861763 7 -0.27688859846861763
150 163 -5 -13 320 281 3 39 150 166 -4 -16 0.0 0.2890126541258383 9 -0.2890126541258383
150 163 -6 -13 320 304 9 16 150 162 -2 -12 0.0 0.3184870404934566 10 -0.3184870404934566
150 160 -3 -10 320 318 0 2 150 159 -2 -9 0.0 0.293550151720248 8 -0.293550151720248
150 158 -3 -8 320 341 13 -21 150 155 0 -5 0.0 0.2846180007046152 8 -0.2846180007046152
150 154 0 -4 320 350 7 -30 150 153 0 -3 0.0 0.29149095332899294 8 -0.29149095332899294
150 151 0 -1 320 371 15 -51 150 152 0 -2 0.0 0.2397306074175219 5 -0.2397306074175219
150 150 0 0 320 376 8 -56 150 152 0 -2 0.0 0.2954946084463388 10 -0.2954946084463388
150 148 0 2 320 384 10 -64 150 152 0 -2 0.0 0.2820478448922901 8 -0.2820478448922901
150 149 0 1 320 384 6 -64 150 151 0 -1 0.0 0.27934147993470565 8 -0.27934147993470565
150 148 0 2 320 397 14 -77 150 154 0 -4 0.0 0.3326875095424284 11 -0.3326875095424284
150 147 0 3 320 401 10 -81 150 153 0 -3 0.0 0.3510565054748852 11 -0.3510565054748852
150 145 0 5 320 402 8 -82 150 151 0 -1 0.0 0.3982279570533764 13 -0.3982279570533764
150 142 5 8 320 407 11 -87 150 149 0 1 0.0 0.39187851400442225 11 -0.39187851400442225
150 139 7 11 320 408 9 -88 150 146 0 4 0.0 0.41015467487334983 12 -0.41015467487334983
150 137 7 13 320 408 8 -88 150 143 4 7 0.0 0.3877707475732708 10 -0.3877707475732708
150 136 7 14 320 402 5 -82 150 142 3 8 0.0 0.37819757262380543 11 -0.37819757262380543
150 134 9 16 320 399 6 -79 150 142 3 8 0.0 0.3920426687273144 12 -0.3920426687273144
150 134 8 16 320 394 4 -74 150 141 4 9 0.0 0.4132943799203786 13 -0.4132943799203786
150 133 9 17 320 388 3 -68 150 140 4 10 0.0 0.43958019012023103 13 -0.43958019012023103
150 131 10 19 320 385 5 -65 150 138 5 12 0.0 0.48387935739771903 15 -0.48387935739771903
150 107 33 43 320 385 6 -65 150 128 13 22 0.0 0.5250367239137406 16 -0.5250367239137406
150 129 0 21 320 384 5 -64 150 137 0 13 0.0 0.5240788273602393 15 -0.5240788273602393
150 128 11 22 320 376 1 -56 150 137 5 13 0.0 0.5064803064170901 14 -0.5064803064170901
150 128 11 22 320 375 5 -55 150 137 5 13 0.0 0.5273722308029446 16 -0.5273722308029446
150 127 12 23 320 371 3 -51 150 138 4 12 0.0 0.49636633792437074 13 -0.49636633792437074
150 128 10 22 320 367 2 -47 150 141 2 9 0.0 0.47735431408312634 13 -0.47735431408312634
150 127 12 23 320 367 4 -47 150 142 2 8 0.0 0.49561263644079995 15 -0.49561263644079995
150 128 10 22 320 372 7 -52 150 147 0 3 0.0 0.4150392790980605 10 -0.4150392790980605
150 125 14 25 320 383 11 -63 150 150 0 0 0.0 0.4171449211859527 12 -0.4171449211859527
150 125 12 25 320 390 10 -70 150 154 0 -4 0.0 0.38235882055126624 10 -0.38235882055126624
150 124 13 26 320 401 13 -81 150 162 -8 -12 0.0 0.3679075881207002 10 -0.3679075881207002
150 122 15 28 320 409 12 -89 150 165 -7 -15 0.0 0.3804441885484237 11 -0.3804441885484237
150 121 15 29 320 413 11 -93 150 167 -7 -17 0.0 0.37704490941400665 11 -0.37704490941400665
150 121 14 29 320 408 6 -88 150 167 -6 -17 0.0 0.37337974456009315 11 -0.37337974456009315
150 118 17 32 320 403 5 -83 150 166 -5 -16 0.0 0.3857038708690842 11 -0.3857038708690842
150 120 14 30 320 392 1 -72 150 165 -5 -15 0.0 0.41700232652704095 13 -0.41700232652704095
150 122 13 28 320 387 4 -67 150 165 -6 -15 0.0 0.4192642697165094 12 -0.4192642697165094
150 123 13 27 320 378 1 -58 150 166 -6 -16 0.0 0.4161113836979465 12 -0.4161113836979465
150 124 12 26 320 379 6 -59 150 166 -6 -16 0.0 0.4138371256251252 12 -0.4138371256251252
150 126 11 24 320 370 0 -50 150 169 -9 -19 0.0 0.4347288334498332 13 -0.4347288334498332
150 126 12 24 320 365 2 -45 150 171 -9 -21 0.0 0.39648801617167395 10 -0.39648801617167395
150 122 16 28 320 365 4 -45 150 174 -11 -24 0.0 0.42889709287894395 13 -0.42889709287894395
150 125 11 25 320 364 3 -44 150 175 -10 -25 0.0 0.4208124802309608 12 -0.4208124802309608
150 125 12 25 320 363 3 -43 150 176 -10 -26 0.0 0.42221130676154167 12 -0.42221130676154167
150 127 10 23 320 358 1 -38 150 178 -12 -28 0.0 0.4114126793424481 12 -0.4114126793424481
150 127 11 23 320 359 4 -39 150 179 -12 -29 0.0 0.392821140041994 11 -0.392821140041994
150 127 11 23 320 360 4 -40 150 179 -11 -29 0.0 0.39645036218144214 12 -0.39645036218144214
150 129 9 21 320 361 4 -41 150 178 -10 -28 0.0 0.3878486929019445 11 -0.3878486929019445
150 134 5 16 320 356 1 -36 150 177 -10 -27 0.0 0.3960244415517956 12 -0.3960244415517956
150 134 8 16 320 354 2 -34 150 177 -10 -27 0.0 0.3904376281223346 11 -0.3904376281223346
150 136 6 14 320 351 1 -31 150 175 -9 -25 0.0 0.3793312372264885 11 -0.3793312372264885
150 135 8 15 320 349 1 -29 150 173 -8 -23 0.0 0.36796845389691457 10 -0.36796845389691457
150 138 4 12 320 345 0 -25 150 172 -8 -22 0.0 0.37556471848599876 11 -0.37556471848599876
150 139 5 11 320 338 -1 -18 150 169 -6 -19 0.0 0.35782127375468037 10 -0.35782127375468037
150 139 5 11 320 335 0 -15 150 168 -6 -18 0.0 0.3833458564620304 12 -0.3833458564620304
150 142 2 8 320 327 0 -7 150 166 -5 -16 0.0 0.3719950531902179 10 -0.3719950531902179
150 145 0 5 320 323 0 -3 150 165 -5 -15 0.0 0.40923930784973134 13 -0.40923930784973134
150 146 0 4 320 321 0 -1 150 165 -6 -15 0.0 0.4094181791699723 12 -0.4094181791699723
150 147 0 3 320 315 0 5 150 164 -5 -14 0.0 0.4001422565272215 11 -0.4001422565272215
150 145 0 5 320 315 0 5 150 164 -5 -14 0.0 0.4035214462010457 12 -0.4035214462010457
150 144 0 6 320 316 0 4 150 165 -6 -15 0.0 0.4136750570315543 12 -0.4136750570315543
150 146 0 4 320 311 -3 9 150 165 -6 -15 0.0 0.41550725807819316 12 -0.41550725807819316
150 148 0 2 320 307 -3 13 150 166 -6 -16 0.0 0.39367795526679916 11 -0.39367795526679916
150 149 0 1 320 306 -1 14 150 167 -7 -17 0.0 0.3919109497437088 11 -0.3919109497437088
150 151 0 -1 320 303 -3 17 150 168 -7 -18 0.0 0.3712927558464558 10 -0.3712927558464558
150 149 0 1 320 303 -1 17 150 170 -9 -20 0.0 0.37532534679881435 11 -0.37532534679881435
150 152 0 -2 320 303 -1 17 150 174 -11 -24 0.0 0.34280323330538187 9 -0.34280323330538187
150 154 0 -4 320 302 -2 18 150 175 -10 -25 0.0 0.3456293918719902 10 -0.3456293918719902
150 153 0 -3 320 305 0 15 150 176 -10 -26 0.0 0.3506389120756661 10 -0.3506389120756661
150 152 0 -2 320 307 0 13 150 177 -11 -27 0.0 0.36719541752277307 11 -0.36719541752277307
150 151 0 -1 320 310 0 10 150 179 -12 -29 0.0 0.3675718928802915 11 -0.3675718928802915
150 147 0 3 320 311 0 9 150 182 -14 -32 0.0 0.3914740104354058 12 -0.3914740104354058
150 146 0 4 320 310 -1 10 150 184 -14 -34 0.0 0.3741433181781231 10 -0.3741433181781231
150 149 0 1 320 304 -4 16 150 189 -18 -39 0.0 0.39827813090706704 12 -0.39827813090706704
150 149 0 1 320 304 -1 16 150 190 -16 -40 0.0 0.37084199488996844 10 -0.37084199488996844
150 151 0 -1 320 295 -7 25 150 192 -17 -42 0.0 0.37861878260191034 11 -0.37861878260191034
150 151 0 -1 320 293 -3 27 150 193 -17 -43 0.0 0.3684424129418346 10 -0.3684424129418346
150 150 0 0 320 290 -4 30 150 193 -17 -43 0.0 0.389823932652035 12 -0.389823932652035
150 151 0 -1 320 288 -4 32 150 193 -17 -43 0.0 0.3881972738643808 11 -0.3881972738643808
150 152 0 -2 320 283 -6 37 150 193 -17 -43 0.0 0.3673735676425183 10 -0.3673735676425183
150 153 0 -3 320 277 -7 43 150 190 -14 -40 0.0 0.3454481564085631 9 -0.3454481564085631
150 159 -7 -9 320 267 -10 53 150 187 -13 -37 0.0 0.34016532909407887 10 -0.34016532909407887
150 164 -9 -14 320 258 -10 62 150 186 -13 -36 0.0 0.3145025125695929 8 -0.3145025125695929
150 172 -15 -22 320 252 -9 68 150 184 -12 -34 0.0 0.2859977684827871 7 -0.2859977684827871
150 181 -20 -31 320 226 -22 94 150 178 -8 -28 0.0 0.2925851197335395 8 -0.2925851197335395
150 181 -15 -31 320 210 -19 110 150 170 -4 -20 0.0 0.2673883988131245 7 -0.2673883988131245
150 185 -19 -35 320 190 -23 130 150 163 -1 -13 0.0 0.24067354654486894 6 -0.24067354654486894
150 48 100 102 320 482 100 -162 150 127 27 23 0.0 0.26450099550250095 8 -0.26450099550250095
150 197 -98 -47 320 159 -100 161 150 154 0 -4 0.0 0.23846212261668875 6 -0.23846212261668875
150 203 -29 -53 320 144 -25 176 150 149 0 1 0.0 0.22105487034232796 6 -0.22105487034232796
150 206 -29 -56 320 133 -24 187 150 143 5 7 0.0 0.18991733933691807 0 -0.18991733933691807
150 209 -31 -59 320 124 -24 196 150 139 6 11 0.0 0.24409946259026627 8 -0.24409946259026627
150 212 -32 -62 320 111 -27 209 150 133 9 17 0.0 0.15764278707329454 0 -0.15764278707329454
150 210 -29 -60 320 105 -24 215 150 131 8 19 0.0 0.16945880555055626 0 -0.16945880555055626
150 207 -27 -57 320 108 -19 212 150 138 1 12 0.0 0.18793611207513142 0 -0.18793611207513142
150 207 -28 -57 320 123 -12 197 150 139 3 11 0.0 0.16134128006493706 0 -0.16134128006493706
150 201 -22 -51 320 138 -10 182 150 132 10 18 0.0 0.1857101800957678 0 -0.1857101800957678
150 200 -24 -50 320 155 -8 165 150 122 16 28 0.0 0.16517305848025357 0 -0.16517305848025357
150 194 -19 -44 320 170 -7 150 150 119 13 31 0.0 0.10324122988547023 0 -0.10324122988547023
150 184 -12 -34 320 185 -6 135 150 117 14 33 0.0 0.20455928481352922 9 -0.20455928481352922
150 177 -10 -27 320 201 -3 119 150 115 15 35 0.0 0.13898632547839138 0 -0.13898632547839138
150 172 -8 -22 320 217 -2 103 150 117 12 33 0.0 0.21107419452987342 8 -0.21107419452987342
150 165 -4 -15 320 234 0 86 150 111 18 39 0.0 0.17569299583452622 0 -0.17569299583452622
150 162 -4 -12 320 244 -2 76 150 112 14 38 0.0 0.17829555345086656 0 -0.17829555345086656
150 158 -2 -8 320 260 2 60 150 113 14 37 0.0 0.2531091396385551 9 -0.2531091396385551
150 154 0 -4 320 270 0 50 150 113 14 37 0.0 0.18899310575344921 0 -0.18899310575344921
150 148 0 2 320 275 -2 45 150 114 13 36 0.0 0.19262472455851457 0 -0.19262472455851457
150 146 0 4 320 274 -5 46 150 114 14 36 0.0 0.22818230321402136 7 -0.22818230321402136
150 143 0 7 320 269 -7 51 150 118 10 32 0.0 0.2249377685954721 6 -0.2249377685954721
150 139 7 11 320 271 -3 49 150 119 11 31 0.0 0.26566402749161416 9 -0.26566402749161416
150 137 7 13 320 272 -4 48 150 119 12 31 0.0 0.28087031407865254 8 -0.28087031407865254
150 134 9 16 320 276 -2 44 150 119 12 31 0.0 0.28207155386710575 8 -0.28207155386710575
150 130 12 20 320 280 -2 40 150 118 13 32 0.0 0.27182403421534174 7 -0.27182403421534174
150 129 11 21 320 284 -1 36 150 116 14 34 0.0 0.2611533450628336 7 -0.2611533450628336
150 127 12 23 320 285 -3 35 150 116 13 34 0.0 0.2693670088988142 8 -0.2693670088988142
150 124 14 26 320 287 -2 33 150 118 11 32 0.0 0.19868107365716112 0 -0.19868107365716112
150 123 14 27 320 287 -3 33 150 117 13 33 0.0 0.19143223532340609 0 -0.19143223532340609
150 123 13 27 320 289 -2 31 150 122 8 28 0.0 0.24014132452978865 8 -0.24014132452978865
150 121 15 29 320 290 -2 30 150 125 8 25 0.0 0.28453426740140686 9 -0.28453426740140686
150 120 15 30 320 290 -3 30 150 134 1 16 0.0 0.2871671635741524 8 -0.2871671635741524
150 118 17 32 320 291 -2 29 150 137 3 13 0.0 0.26328790270444874 7 -0.26328790270444874
150 117 17 33 320 290 -3 30 150 140 2 10 0.0 0.25316044284011113 7 -0.25316044284011113
150 118 15 32 320 290 -3 30 150 142 2 8 0.0 0.2792487542513249 9 -0.2792487542513249
150 116 18 34 320 288 -4 32 150 146 0 4 0.0 0.24518052744670285 6 -0.24518052744670285
150 116 17 34 320 287 -3 33 150 148 0 2 0.0 0.24728917412887194 7 -0.24728917412887194
150 115 18 35 320 282 -6 38 150 153 0 -3 0.0 0.23552537361967765 6 -0.23552537361967765
150 115 17 35 320 283 -3 37 150 154 0 -4 0.0 0.2594409261547101 8 -0.2594409261547101
150 115 17 35 320 279 -6 41 150 158 -5 -8 0.0 0.2409941960322811 6 -0.2409941960322811
150 116 16 34 320 277 -5 43 150 161 -5 -11 0.0 0.2404316044303474 7 -0.2404316044303474
150 117 16 33 320 275 -5 45 150 162 -5 -12 0.0 0.23664502643615293 6 -0.23664502643615293
150 118 15 32 320 274 -5 46 150 164 -6 -14 0.0 0.22638292314652403 6 -0.22638292314652403
150 120 14 30 320 269 -7 51 150 167 -8 -17 0.0 0.25803253470947884 8 -0.25803253470947884
150 120 15 30 320 266 -6 54 150 168 -7 -18 0.0 0.2465630996419157 7 -0.2465630996419157
150 120 15 30 320 265 -6 55 150 168 -7 -18 0.0 0.2438452493358538 7 -0.2438452493358538
150 121 14 29 320 265 -5 55 150 168 -7 -18 0.0 0.2486097658360536 7 -0.2486097658360536
150 121 14 29 320 263 -6 57 150 163 -2 -13 0.0 0.20794020682920727 5 -0.20794020682920727
150 121 14 29 320 262 -6 58 150 157 0 -7 0.0 0.21672861392742743 6 -0.21672861392742743
150 119 16 31 320 263 -5 57 150 155 0 -5 0.0 0.21525584026814631 6 -0.21525584026814631
150 119 15 31 320 267 -3 53 150 149 0 1 0.0 0.2487492131611679 8 -0.2487492131611679
150 117 17 33 320 273 -1 47 150 144 4 6 0.0 0.23615294846654175 6 -0.23615294846654175
150 117 16 33 320 278 -1 42 150 139 6 11 0.0 0.2720330926140337 9 -0.2720330926140337
150 114 19 36 320 282 -1 38 150 137 6 13 0.0 0.27403381289318796 8 -0.27403381289318796
150 114 18 36 320 287 0 33 150 133 8 17 0.0 0.261192567927981 7 -0.261192567927981
150 112 20 38 320 292 0 28 150 130 9 20 0.0 0.24057395886876387 6 -0.24057395886876387
150 111 20 39 320 297 0 23 150 127 10 23 0.0 0.2714639726922529 9 -0.2714639726922529
150 108 22 42 320 300 0 20 150 127 9 23 0.0 0.25952999279385836 7 -0.25952999279385836
150 107 22 43 320 304 0 16 150 127 9 23 0.0 0.25771735909319443 7 -0.25771735909319443
150 105 23 45 320 308 0 12 150 129 7 21 0.0 0.2774285615220676 8 -0.2774285615220676
150 104 23 46 320 310 0 10 150 130 7 20 0.0 0.25558927329267633 7 -0.25558927329267633
150 104 23 46 320 313 0 7 150 134 4 16 0.0 0.28708315811129237 9 -0.28708315811129237
150 104 23 46 320 315 0 5 150 140 1 10 0.0 0.2831695070349537 8 -0.2831695070349537
150 102 25 48 320 317 0 3 150 143 1 7 0.0 0.2955917887790598 9 -0.2955917887790598
150 102 24 48 320 319 0 1 150 148 0 2 0.0 0.2661481992224147 7 -0.2661481992224147
150 102 24 48 320 319 0 1 150 152 0 -2 0.0 0.2794750182757602 8 -0.2794750182757602
150 101 25 49 320 319 0 1 150 153 0 -3 0.0 0.26810343451536056 7 -0.26810343451536056
150 101 24 49 320 319 0 1 150 157 -4 -7 0.0 0.2619618594734685 7 -0.2619618594734685
150 104 21 46 320 316 0 4 150 161 -6 -11 0.0 0.24416651787867363 6 -0.24416651787867363
150 104 23 46 320 315 0 5 150 163 -6 -13 0.0 0.25302015733494965 7 -0.25302015733494965
150 107 20 43 320 313 0 7 150 165 -7 -15 0.0 0.2575299100185309 7 -0.2575299100185309
150 109 19 41 320 310 -2 10 150 167 -7 -17 0.0 0.21434882291517632 5 -0.21434882291517632
150 110 19 40 320 309 -1 11 150 169 -8 -19 0.0 0.2529179381337438 8 -0.2529179381337438
150 113 17 37 320 305 -3 15 150 170 -8 -20 0.0 0.22979935915808541 6 -0.22979935915808541
150 115 16 35 320 303 -2 17 150 170 -8 -20 0.0 0.22745873215650103 6 -0.22745873215650103
150 118 14 32 320 300 -3 20 150 174 -11 -24 0.0 0.24508851398343895 7 -0.24508851398343895
150 121 13 29 320 296 -4 24 150 177 -12 -27 0.0 0.23981190862726628 7 -0.23981190862726628
150 127 8 23 320 293 -4 27 150 181 -14 -31 0.0 0.2182891146195163 5 -0.2182891146195163
150 128 10 22 320 289 -5 31 150 186 -16 -36 0.0 0.24872790203447157 8 -0.24872790203447157
150 129 10 21 320 289 -3 31 150 185 -13 -35 0.0 0.2524108420509944 7 -0.2524108420509944
150 134 5 16 320 288 -3 32 150 193 -21 -43 0.0 0.2386303092173244 6 -0.2386303092173244
150 141 1 9 320 276 -10 44 150 201 -24 -51 0.0 0.21881864646955895 5 -0.21881864646955895
150 147 0 3 320 273 -6 47 150 205 -24 -55 0.0 0.18669642356985522 0 -0.18669642356985522
150 151 0 -1 320 271 -5 49 150 207 -23 -57 0.0 0.22258764820121282 7 -0.22258764820121282
150 152 0 -2 320 271 -4 49 150 209 -24 -59 0.0 0.24173215954247715 7 -0.24173215954247715
150 162 -11 -12 320 260 -11 60 150 214 -28 -64 0.0 0.24689402605605443 7 -0.24689402605605443
150 168 -12 -18 320 250 -12 70 150 213 -24 -63 0.0 0.20244199203883914 4 -0.20244199203883914
150 172 -13 -22 320 247 -8 73 150 212 -24 -62 0.0 0.16980764612646293 0 -0.16980764612646293
150 178 -17 -28 320 240 -11 80 150 211 -23 -61 0.0 0.18089247159029126 0 -0.18089247159029126
150 186 -22 -36 320 236 -10 84 150 210 -23 -60 0.0 0.17514678155368751 0 -0.17514678155368751
150 188 -20 -38 320 231 -11 89 150 209 -23 -59 0.0 0.13316516782626892 0 -0.13316516782626892
150 185 -16 -35 320 230 -9 90 150 209 -23 -59 0.0 0.1829352199753612 0 -0.1829352199753612
150 193 -25 -43 320 217 -16 103 150 203 -18 -53 0.0 0.167314309070866 0 -0.167314309070866
150 199 -27 -49 320 215 -11 105 150 201 -19 -51 0.0 0.17108030397923607 0 -0.17108030397923607
150 202 -27 -52 320 209 -14 111 150 194 -14 -44 0.0 0.14671787899301333 0 -0.14671787899301333
150 202 -26 -52 320 207 -12 113 150 195 -18 -45 0.0 0.18866590769827066 0 -0.18866590769827066
150 203 -27 -53 320 198 -16 122 150 184 -8 -34 0.0 0.14759138349927667 0 -0.14759138349927667
150 203 -26 -53 320 198 -12 122 150 183 -12 -33 0.0 0.17922739285684777 0 -0.17922739285684777
150 202 -25 -52 320 198 -12 122 150 184 -14 -34 0.0 0.189985671450755 0 -0.189985671450755
150 203 -27 -53 320 199 -11 121 150 183 -12 -33 0.0 0.21054657811591782 6 -0.21054657811591782
150 211 -34 -61 320 202 -10 118 150 178 -8 -28 0.0 0.10271256248312452 0 -0.10271256248312452
150 213 -32 -63 320 190 -19 130 150 177 -10 -27 0.0 0.2511453904489872 11 -0.2511453904489872
150 213 0 -63 320 190 0 130 150 177 0 -27 0.0 0.2511453904489872 0 -0.2511453904489872
150 213 0 -63 320 190 0 130 150 177 0 -27 0.0 0.2511453904489872 0 -0.2511453904489872
150 213 0 -63 320 190 0 130 150 177 0 -27 0.0 0.2511453904489872 0 -0.2511453904489872
150 213 0 -63 320 190 0 130 150 177 0 -27 0.0 0.2511453904489872 0 -0.2511453904489872
150 213 0 -63 320 190 0 130 150 177 0 -27 0.0 0.2511453904489872 0 -0.2511453904489872
150 213 0 -63 320 190 0 130 150 177 0 -27 0.0 0.2511453904489872 0 -0.2511453904489872
150 213 0 -63 320 190 0 130 150 177 0 -27 0.0 0.2511453904489872 0 -0.2511453904489872
150 213 0 -63 320 190 0 130 150 177 0 -27 0.0 0.2511453904489872 0 -0.2511453904489872
150 213 0 -63 320 190 0 130 150 177 0 -27 0.0 0.2511453904489872 0 -0.2511453904489872
150 213 0 -63 320 190 0 130 150 177 0 -27 0.0 0.2511453904489872 0 -0.2511453904489872
150 213 0 -63 320 190 0 130 150 177 0 -27 0.0 0.2511453904489872 0 -0.2511453904489872
150 213 0 -63 320 190 0 130 150 177 0 -27 0.0 0.2511453904489872 0 -0.2511453904489872
150 213 0 -63 320 190 0 130 150 177 0 -27 0.0 0.2511453904489872 0 -0.2511453904489872
150 213 0 -63 320 190 0 130 150 177 0 -27 0.0 0.2511453904489872 0 -0.2511453904489872
150 213 0 -63 320 190 0 130 150 177 0 -27 0.0 0.2511453904489872 0 -0.2511453904489872
150 213 0 -63 320 190 0 130 150 177 0 -27 0.0 0.2511453904489872 0 -0.2511453904489872
150 213 0 -63 320 190 0 130 150 177 0 -27 0.0 0.2511453904489872 0 -0.2511453904489872
150 213 0 -63 320 190 0 130 150 177 0 -27 0.0 0.2511453904489872 0 -0.2511453904489872
150 213 0 -63 320 190 0 130 150 177 0 -27 0.0 0.2511453904489872 0 -0.2511453904489872
150 213 0 -63 320 190 0 130 150 177 0 -27 0.0 0.2511453904489872 0 -0.2511453904489872
150 213 0 -63 320 190 0 130 150 177 0 -27 0.0 0.2511453904489872 0 -0.2511453904489872
150 213 0 -63 320 190 0 130 150 177 0 -27 0.0 0.2511453904489872 0 -0.2511453904489872
150 213 0 -63 320 190 0 130 150 177 0 -27 0.0 0.2511453904489872 0 -0.2511453904489872
